------------------------------------------------------------------------------------------------------------
329
=1==
=2==
=3==
=3=1=
329
=1==
=2==
=3==
=3=1=
=3=2=
=3=3=
=4==
=5==
=6==
=7==
516
=7==
517
=7==
518
=7==
519
=7==
520
=7==
521
=7==
522
=7==
523
=7==
558
=7==
329
=1==
=2==
=3==
=3=1=
=3=2=
=3=3=
=4==
=5==
=6==
=7==
516
=7==
517
=7==
518
=7==
519
=7==
520
=7==
521
=7==
522
=7==
523
=7==
558
=7==
329
516
517
518
519
520
521
522
523
558
329
329
516
517
518
519
520
521
522
523
558
329
329
516
517
518
519
520
521
522
523
558
560
560
561
561
564
575
575
577
577
581
584
584
585
585
586
586
587
587
588
588
591
593
593
594
594
596
596
597
597
600
600
601
601
602
602
605
606
606
611
611
612
612
613
613
614
614
616
616
617
617
618
618
619
619
620
620
621
621
622
622
623
623
624
624
627
630
631
631
632
632
633
633
634
635
635
636
636
637
637
638
638
639
639
640
640
641
641
642
642
644
644
648
651
651
654
654
655
655
656
657
658
658
659
659
660
660
661
661
664
664
665
665
666
666
667
667
668
669
669
672
673
674
674
675
675
676
676
677
677
678
678
679
679
682
683
683
684
684
685
685
686
686
687
687
689
689
690
690
691
691
692
692
693
693
694
694
695
695
696
696
697
697
698
698
699
699
700
700
701
701
702
702
703
703
704
704
705
705
706
706
709
710
710
713
716
716
717
717
718
718
719
719
722
725
726
726
727
727
728
728
731
734
735
735
738
741
742
742
743
743
744
744
745
745
746
746
749
749
750
750
751
751
752
752
753
753
756
756
759
760
760
765
766
766
767
767
768
768
776
776
777
778
778
779
779
780
780
781
782
783
783
784
784
785
785
788
788
789
789
790
790
791
791
792
792
795
795
796
796
799
800
800
801
801
802
802
803
803
804
804
805
805
808
809
810
810
811
814
814
817
818
818
819
819
820
820
823
826
827
828
828
830
830
831
831
832
832
833
833
836
837
837
838
838
839
839
840
841
842
842
843
843
844
844
845
845
848
851
854
855
855
856
856
857
857
858
858
859
859
862
863
863
864
864
865
866
866
867
867
870
871
871
874
877
877
878
878
879
879
880
880
881
881
882
882
885
886
889
889
890
890
891
892
892
893
893
894
894
895
895
896
896
899
899
900
900
901
901
902
902
905
908
908
909
909
910
910
911
911
912
913
913
916
916
917
917
920
920
924
924
925
925
926
926
927
929
931
931
932
932
933
933
934
934
935
935
937
937
941
941
942
942
944
944
945
946
946
947
947
949
949
950
950
951
951
952
952
955
955
956
959
959
963
963
964
966
966
967
967
968
968
969
969
971
971
972
972
975
975
977
977
979
979
981
981
982
982
983
983
985
985
986
986
987
987
988
990
992
992
994
994
996
996
997
997
999
1001
1001
1003
1003
1005
1005
1006
1006
1007
1009
1009
1011
1011
1013
1013
1015
1015
1017
1017
1019
1020
1020
1021
1021
1022
1022
1024
1024
1026
1026
1027
1027
1029
1031
1031
1033
1033
1034
1034
1036
1038
1038
1040
1040
1041
1041
1042
1042
1043
1045
1046
1046
1047
1047
1048
1048
1049
1049
1050
1050
1052
1052
1053
1053
1054
1054
1055
1057
1058
1058
1060
1060
1063
1065
1065
1067
1067
1069
1069
1070
1070
1072
1072
1073
1073
1075
1075
1077
1077
1078
1078
1079
1079
1081
1081
1083
1083
1084
1084
1085
1085
1086
1086
1088
1088
1089
1089
1092
1092
1094
1094
1095
1095
1097
1097
1098
1098
1099
1099
1100
1100
1102
1102
1104
1104
1106
1106
1107
1107
1108
1108
1109
1109
1110
1110
1111
1111
1113
1113
1115
1115
1117
1117
1118
1119
1119
1120
1120
1122
1122
1123
1123
1124
1124
1125
1125
1127
1127
1130
1132
1132
1135
1135
1136
1136
1137
1137
1138
1138
1139
1139
1140
1140
1142
1142
1143
1143
1145
1145
1147
1147
1148
1148
1149
1149
1152
1152
1153
1153
1155
1155
1158
1158
1159
1159
1160
1160
1161
1161
1162
1162
1163
1163
1165
1165
1167
1167
1169
1169
1171
1171
1173
1173
1175
1175
1176
1176
1177
1177
1178
1178
1179
1179
1182
1182
1183
1183
1198
1198
1201
1201
1203
1203
1229
1229
1239
1239
1241
1241
1243
1243
1259
1259
1261
1261
1272
1272
1306
1308
1308
1310
1310
1506
1506
1507
1507
1516
1516
1517
1517
1518
1518
1519
1519
1520
1520
1521
1521
1522
1522
1675
1675
1676
1676
1770
1770
1772
1772
1774
1774
1775
1775
1793
1793
1794
1794
1799
1799
1849
1849
1862
1862
1863
1863
1865
1865
1866
1866
1880
1880
1921
1921
1926
1926
1927
1927
1931
1931
1932
1932
1933
1933
1934
1934
1936
1936
1937
1937
1938
1938
1939
1939
1940
1940
2105
2105
2111
2111
2113
2113
2115
2115
2117
2117
2126
2126
2127
2127
2128
2128
2138
2138
2144
2144
2198
2198
2200
2200
2205
2206
2206
2207
2207
2220
2220
2221
2221
2227
2227
2228
2228
2229
2229
2230
2230
2367
2367
2369
2369
2370
2370
2371
2371
2373
2373
2398
2398
2402
2402
2403
2403
2408
2408
2409
2409
2410
2410
2411
2411
2412
2412
2414
2414
2416
2416
2418
2418
2420
2420
2457
2457
2458
2458
2459
2459
2464
2464
2465
2465
2466
2466
2468
2468
329
329
516
517
518
519
520
521
522
523
558
560
560
561
561
564
575
575
577
577
581
584
584
585
585
586
586
587
587
588
588
591
593
593
594
594
596
596
597
597
600
600
601
601
602
602
605
606
606
611
611
612
612
613
613
614
614
616
616
617
617
618
618
619
619
620
620
621
621
622
622
623
623
624
624
627
630
631
631
632
632
633
633
634
635
635
636
636
637
637
638
638
639
639
640
640
641
641
642
642
644
644
648
651
651
654
654
655
655
656
657
658
658
659
659
660
660
661
661
664
664
665
665
666
666
667
667
668
669
669
672
673
674
674
675
675
676
676
677
677
678
678
679
679
682
683
683
684
684
685
685
686
686
687
687
689
689
690
690
691
691
692
692
693
693
694
694
695
695
696
696
697
697
698
698
699
699
700
700
701
701
702
702
703
703
704
704
705
705
706
706
709
710
710
713
716
716
717
717
718
718
719
719
722
725
726
726
727
727
728
728
731
734
735
735
738
741
742
742
743
743
744
744
745
745
746
746
749
749
750
750
751
751
752
752
753
753
756
756
759
760
760
765
766
766
767
767
768
768
776
776
777
778
778
779
779
780
780
781
782
783
783
784
784
785
785
788
788
789
789
790
790
791
791
792
792
795
795
796
796
799
800
800
801
801
802
802
803
803
804
804
805
805
808
809
810
810
811
814
814
817
818
818
819
819
820
820
823
826
827
828
828
830
830
831
831
832
832
833
833
836
837
837
838
838
839
839
840
841
842
842
843
843
844
844
845
845
848
851
854
855
855
856
856
857
857
858
858
859
859
862
863
863
864
864
865
866
866
867
867
870
871
871
874
877
877
878
878
879
879
880
880
881
881
882
882
885
886
889
889
890
890
891
892
892
893
893
894
894
895
895
896
896
899
899
900
900
901
901
902
902
905
908
908
909
909
910
910
911
911
912
913
913
916
916
917
917
920
920
924
924
925
925
926
926
927
929
931
931
932
932
933
933
934
934
935
935
937
937
941
941
942
942
944
944
945
946
946
947
947
949
949
950
950
951
951
952
952
955
955
956
959
959
963
963
964
966
966
967
967
968
968
969
969
971
971
972
972
975
975
977
977
979
979
981
981
982
982
983
983
985
985
986
986
987
987
988
990
992
992
994
994
996
996
997
997
999
1001
1001
1003
1003
1005
1005
1006
1006
1007
1009
1009
1011
1011
1013
1013
1015
1015
1017
1017
1019
1020
1020
1021
1021
1022
1022
1024
1024
1026
1026
1027
1027
1029
1031
1031
1033
1033
1034
1034
1036
1038
1038
1040
1040
1041
1041
1042
1042
1043
1045
1046
1046
1047
1047
1048
1048
1049
1049
1050
1050
1052
1052
1053
1053
1054
1054
1055
1057
1058
1058
1060
1060
1063
1065
1065
1067
1067
1069
1069
1070
1070
1072
1072
1073
1073
1075
1075
1077
1077
1078
1078
1079
1079
1081
1081
1083
1083
1084
1084
1085
1085
1086
1086
1088
1088
1089
1089
1092
1092
1094
1094
1095
1095
1097
1097
1098
1098
1099
1099
1100
1100
1102
1102
1104
1104
1106
1106
1107
1107
1108
1108
1109
1109
1110
1110
1111
1111
1113
1113
1115
1115
1117
1117
1118
1119
1119
1120
1120
1122
1122
1123
1123
1124
1124
1125
1125
1127
1127
1130
1132
1132
1135
1135
1136
1136
1137
1137
1138
1138
1139
1139
1140
1140
1142
1142
1143
1143
1145
1145
1147
1147
1148
1148
1149
1149
1152
1152
1153
1153
1155
1155
1158
1158
1159
1159
1160
1160
1161
1161
1162
1162
1163
1163
1165
1165
1167
1167
1169
1169
1171
1171
1173
1173
1175
1175
1176
1176
1177
1177
1178
1178
1179
1179
1182
1182
1183
1183
1198
1198
1201
1201
1203
1203
1229
1229
1239
1239
1241
1241
1243
1243
1259
1259
1261
1261
1272
1272
1306
1308
1308
1310
1310
1506
1506
1507
1507
1516
1516
1517
1517
1518
1518
1519
1519
1520
1520
1521
1521
1522
1522
1675
1675
1676
1676
1770
1770
1772
1772
1774
1774
1775
1775
1793
1793
1794
1794
1799
1799
1849
1849
1862
1862
1863
1863
1865
1865
1866
1866
1880
1880
1921
1921
1926
1926
1927
1927
1931
1931
1932
1932
1933
1933
1934
1934
1936
1936
1937
1937
1938
1938
1939
1939
1940
1940
2105
2105
2111
2111
2113
2113
2115
2115
2117
2117
2126
2126
2127
2127
2128
2128
2138
2138
2144
2144
2198
2198
2200
2200
2205
2206
2206
2207
2207
2220
2220
2221
2221
2227
2227
2228
2228
2229
2229
2230
2230
2367
2367
2369
2369
2370
2370
2371
2371
2373
2373
2398
2398
2402
2402
2403
2403
2408
2408
2409
2409
2410
2410
2411
2411
2412
2412
2414
2414
2416
2416
2418
2418
2420
2420
2457
2457
2458
2458
2459
2459
2464
2464
2465
2465
2466
2466
2468
2468
2470
2470
2471
2471
2472
2472
2481
2481
2482
2482
2520
2520
2521
2521
2522
2522
2523
2523
2524
2524
2773
2773
2775
2775
2776
2776
2777
2777
2778
2778
2779
2779
2821
2821
2823
2823
2825
2825
2826
2826
2831
2831
2832
2832
2837
2837
2838
2838
2844
2844
2845
2845
2846
2846
2848
2877
2877
2878
2878
2892
2892
2894
2894
2895
2895
2896
2896
2969
2969
2975
2975
2980
2980
2990
2990
3012
3012
3013
3013
3023
3023
3149
3149
3150
3150
3163
3172
3172
3173
3173
3176
3176
3178
3178
3179
3179
3180
3180
3181
3181
3182
3182
3183
3183
3246
3246
3255
3313
3313
3314
3314
3315
3315
3321
3321
3322
3322
3324
3324
6739
6739
6741
6741
6746
6746
6747
6747
6848
6848
6861
6861
6863
6863
6864
6864
6869
6869
6870
6870
6871
6871
6873
6873
6878
6878
6923
6923
6924
6924
6925
6925
6927
6927
6940
6940
6941
6941
6943
6943
6986
6986
7063
7063
7064
7064
7071
7071
7078
7078
7084
7084
7097
7097
7185
7185
7191
7191
7196
7196
7201
7201
7218
7218
7227
7227
7228
7228
7238
7238
7328
7417
7417
7423
7423
7592
7592
7597
7597
7758
7758
7764
7764
7765
7765
7766
7766
7767
7767
7769
7769
7887
7887
7900
7901
7929
7929
7934
7934
7935
7935
7949
7949
7958
7958
7991
7992
7992
7994
7994
8036
8036
8038
8282
8282
8284
8284
8286
8291
8291
8298
8298
8331
8331
8364
8366
8366
8367
8367
8377
8377
8378
8378
8391
8391
8406
8406
8462
8462
8463
8463
8498
8563
8563
8572
8573
8574
8574
8579
8579
8587
8587
8606
8606
8623
8623
8633
8633
8635
8635
8657
8666
8666
8671
8671
8787
8787
8788
8788
8809
8834
8834
8835
8835
8836
8836
8857
8857
8954
9002
9002
9003
9003
9004
9004
9005
9005
9006
9006
9048
9048
9069
9069
9090
9090
9092
9092
9094
9128
9128
9133
9133
9142
9142
9232
9232
9241
9241
9276
9276
9293
9293
9343
9343
9353
9353
9379
9476
9476
9497
9507
9524
9524
9525
9525
9526
9526
9548
9548
9573
9573
9587
9587
9596
9596
9616
9654
9654
9659
9659
9661
9661
9691
9691
9708
9708
9747
9747
9756
9756
9845
9845
9871
9890
9890
9906
9906
9907
9907
9909
9909
9910
9910
9928
9945
9945
10019
10019
10021
10021
10038
10038
10039
10039
10079
10079
10088
10088
10090
10090
10091
10091
10219
10219
10264
10264
10265
10265
10290
10311
10311
10312
10312
10329
10329
10346
2015-11-25 12:32 day
2015-11-25 12:32 month
2015-11-26 11:41 day
2015-11-26 11:41 month
2015-11-26 11:47 day
2015-11-26 11:47 month
2015-11-27 02:35 day
2015-11-27 02:35 month
2015-11-30 01:53 day
2015-11-30 01:53 week
2015-11-30 01:53 month
2015-12-01 01:24 day
2015-12-01 01:24 month
2015-12-02 15:10 day
2015-12-02 15:10 month
2015-12-04 02:38 day
2015-12-04 02:38 month
2015-12-07 03:11 day
2015-12-07 03:11 week
2015-12-07 03:11 month
2015-12-07 03:14 day
2015-12-07 03:14 week
2015-12-07 03:14 month
2015-12-08 12:19 day
2015-12-08 12:19 month
2015-12-09 00:44 day
2015-12-09 00:44 month
2015-12-10 04:28 day
2015-12-10 04:28 month
2015-12-11 00:56 day
2015-12-11 00:56 month
2015-12-14 11:41 day
2015-12-14 11:41 week
2015-12-14 11:41 month
